{
 "cells": [
  {
   "cell_type": "code",
   "execution_count": 1,
   "id": "e373ed02-1b9c-4bbc-9b02-7a2ddea8de69",
   "metadata": {
    "ExecuteTime": {
     "end_time": "2024-01-12T10:08:07.001309141Z",
     "start_time": "2024-01-12T10:08:06.517753970Z"
    }
   },
   "outputs": [],
   "source": [
    "import os\n",
    "from glob import glob\n",
    "from natsort import natsorted\n",
    "import numpy as np\n",
    "import subprocess\n",
    "import nibabel as nib\n",
    "import json\n",
    "from tqdm import tqdm\n",
    "import pandas as pd"
   ]
  },
  {
   "cell_type": "code",
   "execution_count": 2,
   "id": "34f56711-1996-4fbe-aab2-a2276f24cdac",
   "metadata": {
    "ExecuteTime": {
     "end_time": "2024-01-12T10:08:07.013014044Z",
     "start_time": "2024-01-12T10:08:07.005403047Z"
    }
   },
   "outputs": [
    {
     "name": "stdout",
     "output_type": "stream",
     "text": [
      "Found 2 images that need to be defaced\n",
      "Input images:  ['./data/example_input_images/IXI002-Guys-0828-T1/IXI002-Guys-0828-T1.nii.gz', './data/example_input_images/IXI002-Guys-0828-T2/IXI002-Guys-0828-T2.nii.gz']\n",
      "Existing transforms:  ['None', './data/example_input_images/IXI002-Guys-0828-T2/Transform_to_template.txt']\n",
      "Output paths:  ['./data/example_output/defaced_images/IXI002-Guys-0828-T1', './data/example_output/defaced_images/IXI002-Guys-0828-T2']\n"
     ]
    }
   ],
   "source": [
    "# define the target image for the registration and the corresponding face mask\n",
    "target = \"./data/mean_reg2mean.nii.gz\"\n",
    "target_face_mask = \"./data/facemask.nii.gz\"\n",
    "\n",
    "# define the list iof images that need to be defaced\n",
    "floating_imgs = natsorted(glob(\"./data/example_input_images/*/*.nii.gz\"))\n",
    "\n",
    "# define a list of existing transforms (for example created with 3D Slicer) that are used instead of the automatic registration\n",
    "# value should be None if no transform exists and automatic registration is to be used\n",
    "existing_transform_paths = [os.path.join(os.path.dirname(f), \"Transform_to_template.txt\") for f in floating_imgs]\n",
    "existing_transform_paths = [f if os.path.isfile(f) else \"None\" for f in existing_transform_paths ]\n",
    "\n",
    "# list of output paths for each defaced image\n",
    "results_folder_paths = [os.path.join(\"./data/example_output/defaced_images\", *f.split(os.sep)[-2:-1]) for f in floating_imgs]\n",
    "\n",
    "# check that all lists have the same length\n",
    "assert len(floating_imgs) == len(results_folder_paths) == len(existing_transform_paths), f\"The lists have different lengths, {len(floating_imgs)=}, {len(results_folder_paths)=}, {len(existing_transform_paths)=}\"\n",
    "\n",
    "print(f\"Found {len(floating_imgs)} images that need to be defaced\")\n",
    "\n",
    "# print example paths\n",
    "print(\"Input images: \", floating_imgs[0:3])\n",
    "print(\"Existing transforms: \", existing_transform_paths[0:3])\n",
    "print(\"Output paths: \", results_folder_paths[0:3])"
   ]
  },
  {
   "cell_type": "code",
   "execution_count": 3,
   "id": "8d501383-9771-4931-88dc-59827cd1d95d",
   "metadata": {
    "ExecuteTime": {
     "end_time": "2024-01-12T10:09:02.662530506Z",
     "start_time": "2024-01-12T10:08:07.011313443Z"
    }
   },
   "outputs": [
    {
     "name": "stderr",
     "output_type": "stream",
     "text": [
      "  0%|          | 0/2 [00:00<?, ?it/s]"
     ]
    },
    {
     "name": "stdout",
     "output_type": "stream",
     "text": [
      "0\n",
      "Run registration with BRAINSFit...\n",
      "Original Fixed image origin[100.006, 113.158, -121.89, 0]\n",
      "TransformTypes: Rigid(1 of 2).\n",
      "\n",
      "TransformTypes: Affine(2 of 2).\n",
      "\n",
      "Initializing transform with useMomentsAlign\n",
      "Initializing transform with useMomentsAlign to \n",
      "VersorRigid3DTransform (0x556ad4f813b0)\n",
      "  RTTI typeinfo:   itk::VersorRigid3DTransform<double>\n",
      "  Reference Count: 2\n",
      "  Modified Time: 799\n",
      "  Debug: Off\n",
      "  Object Name: \n",
      "  Observers: \n",
      "    none\n",
      "  Matrix: \n",
      "    1 0 0 \n",
      "    0 1 0 \n",
      "    0 0 1 \n",
      "  Offset: [-7.57824, 3.64726, 29.4162]\n",
      "  Center: [6.46315, -1.61515, -23.3726]\n",
      "  Translation: [-7.57824, 3.64726, 29.4162]\n",
      "  Inverse: \n",
      "    1 0 0 \n",
      "    0 1 0 \n",
      "    0 0 1 \n",
      "  Singular: 0\n",
      "  Versor: [ 0, 0, 0, 1 ]\n",
      "\n",
      "===============================================\n",
      "\n",
      "\n",
      "\n",
      "=============================== ITKv4 Registration: Starting Transform Estimations for Rigid(1 of 2).===============================\n",
      "Stop condition from optimizer.RegularStepGradientDescentOptimizerv4: Step too small after 126 iterations. Current step (0.00078125) is less than minimum step (0.001).\n",
      "\n",
      "\n",
      "\n",
      "=============================== ITKv4 Registration: Starting Transform Estimations for Affine(2 of 2).===============================\n",
      "Stop condition from optimizer.ConjugateGradientLineSearchOptimizerv4Template: Convergence checker passed at iteration 31.\n"
     ]
    },
    {
     "name": "stderr",
     "output_type": "stream",
     "text": [
      "double free or corruption (!prev)\n",
      "Aborted (core dumped)\n"
     ]
    },
    {
     "name": "stdout",
     "output_type": "stream",
     "text": [
      "ref_img_nii:\n",
      "---\n",
      "qform code = 1\n",
      "[[   0.           0.           1.1999969  -88.6398926]\n",
      " [  -0.9303523    0.1155457    0.         116.5320053]\n",
      " [   0.1155457    0.9303523   -0.        -112.1135559]\n",
      " [   0.           0.           0.           1.       ]]\n",
      "sform code = 1\n",
      "[[   0.           0.           1.1999969  -88.6398926]\n",
      " [  -0.9303523    0.1155457    0.         116.5320053]\n",
      " [   0.1155457    0.9303523   -0.        -112.1135559]\n",
      " [   0.           0.           0.           1.       ]]\n",
      "-------------------\n",
      "flo_img_nii:\n",
      "---\n",
      "qform code = 1\n",
      "[[   0.9985747    0.0511093    0.0102124 -100.0058975]\n",
      " [  -0.0523331    0.9752242   -0.0005352 -113.1583786]\n",
      " [  -0.0104718    0.           0.976509  -121.8897018]\n",
      " [   0.           0.           0.           1.       ]]\n",
      "sform code = 1\n",
      "[[   0.9985747    0.0511093    0.0102124 -100.0058975]\n",
      " [  -0.0523331    0.9752241   -0.0005352 -113.1583786]\n",
      " [  -0.0104718    0.           0.976509  -121.8897018]\n",
      " [   0.           0.           0.           1.       ]]\n",
      "-------------------\n",
      "reg_transform = \n",
      "[[  0.9770463   0.0632004  -0.0011035  -5.6713217]\n",
      " [ -0.0660578   1.0086976   0.0967      6.621027 ]\n",
      " [  0.0042782  -0.1435468   1.0252411 -36.609447 ]\n",
      " [  0.          0.          0.          1.       ]]\n",
      "inv(reg_transform) = \n",
      "[[ 1.0192123 -0.0628593  0.0070259  6.4536874]\n",
      " [ 0.0662647  0.9741601 -0.0918107 -9.4352715]\n",
      " [ 0.0050248  0.1366571  0.9624963 34.3601458]\n",
      " [ 0.         0.         0.         1.       ]]\n",
      "warped_affine = inv(reg_transform)@flo_img_nii_affine =\n",
      "[[   1.0209757   -0.0092107    0.0173031  -89.2168709]\n",
      " [   0.0161509    0.9534111   -0.0894987 -115.1057197]\n",
      " [  -0.0122131    0.1335281    0.9398645  -98.9246547]\n",
      " [   0.           0.           0.           1.       ]]\n",
      "-------------------\n",
      "new_ref_img_nii:\n",
      "---\n",
      "qform code = 0\n",
      "[[   0.           0.           1.1999969  -88.6398926]\n",
      " [  -0.9303523    0.1155457    0.         116.5320053]\n",
      " [   0.1155457    0.9303523   -0.        -112.1135559]\n",
      " [   0.           0.           0.           1.       ]]\n",
      "sform code = 1\n",
      "[[   0.           0.           1.1999969  -88.6398926]\n",
      " [  -0.9303523    0.1155457    0.         116.5320053]\n",
      " [   0.1155457    0.9303523   -0.        -112.1135559]\n",
      " [   0.           0.           0.           1.       ]]\n",
      "-------------------\n",
      "new_flo_img_nii:\n",
      "---\n",
      "qform code = 0\n",
      "[[   0.9985747    0.0511093    0.0102124 -100.0058975]\n",
      " [  -0.0523331    0.9752242   -0.0005352 -113.1583786]\n",
      " [  -0.0104718    0.           0.976509  -121.8897018]\n",
      " [   0.           0.           0.           1.       ]]\n",
      "sform code = 1\n",
      "[[   0.9985747    0.0511093    0.0102124 -100.0058975]\n",
      " [  -0.0523331    0.9752241   -0.0005352 -113.1583786]\n",
      " [  -0.0104718    0.           0.976509  -121.8897018]\n",
      " [   0.           0.           0.           1.       ]]\n",
      "-------------------\n",
      "warped_img_nii:\n",
      "---\n",
      "qform code = 0\n",
      "[[   1.0209681   -0.0116666    0.0152598  -89.2168732]\n",
      " [   0.0142174    0.9560883   -0.110195  -115.1057205]\n",
      " [  -0.0149442    0.1125459    0.9376987  -98.9246521]\n",
      " [   0.           0.           0.           1.       ]]\n",
      "sform code = 2\n",
      "[[   1.0209757   -0.0092107    0.0173031  -89.2168732]\n",
      " [   0.0161509    0.9534112   -0.0894987 -115.1057205]\n",
      " [  -0.0122131    0.1335281    0.9398645  -98.9246521]\n",
      " [   0.           0.           0.           1.       ]]\n",
      "-------------------\n",
      "=====================================================\n",
      "Input Volume:     ./data/facemask.nii.gz\n",
      "Reference Volume: ./data/example_input_images/IXI002-Guys-0828-T1/IXI002-Guys-0828-T1.nii.gz\n",
      "Output Volume:    ./data/example_output/defaced_images/IXI002-Guys-0828-T1/facemask_resampled.nii.gz\n",
      "Pixel Type:       float\n",
      "Interpolation:    NearestNeighbor\n",
      "Background Value: 0\n",
      "Warp By Transform: ./data/example_output/defaced_images/IXI002-Guys-0828-T1/IXI002-Guys-0828-T1.txt\n",
      "=====================================================\n",
      "Read ITK transform from file: ./data/example_output/defaced_images/IXI002-Guys-0828-T1/IXI002-Guys-0828-T1.txt\n",
      "HACK: 0  AffineTransform\n",
      "Transform File Type:: AffineTransform\n"
     ]
    },
    {
     "name": "stderr",
     "output_type": "stream",
     "text": [
      " 50%|█████     | 1/2 [00:51<00:51, 51.95s/it]"
     ]
    },
    {
     "name": "stdout",
     "output_type": "stream",
     "text": [
      "1\n",
      "Using existing initialTransform ./data/example_input_images/IXI002-Guys-0828-T2/Transform_to_template.txt instead of running registration...\n",
      "ref_img_nii:\n",
      "---\n",
      "qform code = 1\n",
      "[[  -0.9375      -0.           0.         120.7598801]\n",
      " [  -0.           0.9317118   -0.1386887 -104.1710052]\n",
      " [  -0.           0.1040165    1.2422824  -60.286499 ]\n",
      " [   0.           0.           0.           1.       ]]\n",
      "sform code = 1\n",
      "[[  -0.9375      -0.          -0.         120.7598801]\n",
      " [  -0.           0.9317117   -0.1386887 -104.1710052]\n",
      " [  -0.           0.1040165    1.2422824  -60.286499 ]\n",
      " [   0.           0.           0.           1.       ]]\n",
      "-------------------\n",
      "flo_img_nii:\n",
      "---\n",
      "qform code = 1\n",
      "[[   0.9985747    0.0511093    0.0102124 -100.0058975]\n",
      " [  -0.0523331    0.9752242   -0.0005352 -113.1583786]\n",
      " [  -0.0104718    0.           0.976509  -121.8897018]\n",
      " [   0.           0.           0.           1.       ]]\n",
      "sform code = 1\n",
      "[[   0.9985747    0.0511093    0.0102124 -100.0058975]\n",
      " [  -0.0523331    0.9752241   -0.0005352 -113.1583786]\n",
      " [  -0.0104718    0.           0.976509  -121.8897018]\n",
      " [   0.           0.           0.           1.       ]]\n",
      "-------------------\n",
      "reg_transform = \n",
      "[[  0.9987058   0.0457753   0.0221684  -5.7666522]\n",
      " [ -0.04883     0.9848928   0.1661381   6.3716245]\n",
      " [ -0.0142284  -0.1670056   0.9858533 -39.3642841]\n",
      " [  0.          0.          0.          1.       ]]\n",
      "inv(reg_transform) = \n",
      "[[  0.9987058  -0.04883    -0.0142284   5.510223 ]\n",
      " [  0.0457753   0.9848928  -0.1670056 -12.5854522]\n",
      " [  0.0221684   0.1661381   0.9858533  37.8766758]\n",
      " [  0.          0.          0.          1.       ]]\n",
      "warped_affine = inv(reg_transform)@flo_img_nii_affine =\n",
      "[[   0.9999868    0.003423    -0.0036689  -87.1064224]\n",
      " [  -0.0040836    0.9628307   -0.1631421 -108.2558587]\n",
      " [   0.0031185    0.1631549    0.962832  -103.3055749]\n",
      " [   0.           0.           0.           1.       ]]\n",
      "-------------------\n",
      "new_ref_img_nii:\n",
      "---\n",
      "qform code = 0\n",
      "[[  -0.9375      -0.           0.         120.7598801]\n",
      " [  -0.           0.9317118   -0.1386887 -104.1710052]\n",
      " [  -0.           0.1040165    1.2422824  -60.286499 ]\n",
      " [   0.           0.           0.           1.       ]]\n",
      "sform code = 1\n",
      "[[  -0.9375      -0.          -0.         120.7598801]\n",
      " [  -0.           0.9317117   -0.1386887 -104.1710052]\n",
      " [  -0.           0.1040165    1.2422824  -60.286499 ]\n",
      " [   0.           0.           0.           1.       ]]\n",
      "-------------------\n",
      "new_flo_img_nii:\n",
      "---\n",
      "qform code = 0\n",
      "[[   0.9985747    0.0511093    0.0102124 -100.0058975]\n",
      " [  -0.0523331    0.9752242   -0.0005352 -113.1583786]\n",
      " [  -0.0104718    0.           0.976509  -121.8897018]\n",
      " [   0.           0.           0.           1.       ]]\n",
      "sform code = 1\n",
      "[[   0.9985747    0.0511093    0.0102124 -100.0058975]\n",
      " [  -0.0523331    0.9752241   -0.0005352 -113.1583786]\n",
      " [  -0.0104718    0.           0.976509  -121.8897018]\n",
      " [   0.           0.           0.           1.       ]]\n",
      "-------------------\n",
      "warped_img_nii:\n",
      "---\n",
      "qform code = 0\n",
      "[[   0.9999867    0.003423    -0.0036689  -87.1064224]\n",
      " [  -0.0040836    0.9628308   -0.1631421 -108.2558594]\n",
      " [   0.0031185    0.163155     0.962832  -103.3055725]\n",
      " [   0.           0.           0.           1.       ]]\n",
      "sform code = 2\n",
      "[[   0.9999868    0.003423    -0.0036689  -87.1064224]\n",
      " [  -0.0040836    0.9628307   -0.1631421 -108.2558594]\n",
      " [   0.0031185    0.1631549    0.962832  -103.3055725]\n",
      " [   0.           0.           0.           1.       ]]\n",
      "-------------------\n",
      "=====================================================\n",
      "Input Volume:     ./data/facemask.nii.gz\n",
      "Reference Volume: ./data/example_input_images/IXI002-Guys-0828-T2/IXI002-Guys-0828-T2.nii.gz\n",
      "Output Volume:    ./data/example_output/defaced_images/IXI002-Guys-0828-T2/facemask_resampled.nii.gz\n",
      "Pixel Type:       float\n",
      "Interpolation:    NearestNeighbor\n",
      "Background Value: 0\n",
      "Warp By Transform: ./data/example_input_images/IXI002-Guys-0828-T2/Transform_to_template.txt\n",
      "=====================================================\n",
      "Read ITK transform from file: ./data/example_input_images/IXI002-Guys-0828-T2/Transform_to_template.txt\n",
      "HACK: 0  AffineTransform\n",
      "Transform File Type:: AffineTransform\n"
     ]
    },
    {
     "name": "stderr",
     "output_type": "stream",
     "text": [
      "100%|██████████| 2/2 [00:55<00:00, 27.78s/it]\n"
     ]
    }
   ],
   "source": [
    "for i, (floating, results_folder_path, ex_tfm) in enumerate(tqdm(list(zip(floating_imgs, results_folder_paths, existing_transform_paths)))):\n",
    "    print(i)\n",
    "\n",
    "    if os.path.isfile(os.path.join(results_folder_path, os.path.basename(floating).replace(\".nii.gz\", \"_masked.nii.gz\"))):\n",
    "        print(\"file exists. skipping ..... \")\n",
    "        continue\n",
    "    else:\n",
    "        os.makedirs(results_folder_path, exist_ok=True)\n",
    "\n",
    "        out_affine = os.path.join(results_folder_path, os.path.basename(floating.replace(\"nii.gz\", \"txt\")))\n",
    "        out_resampled_img_path = os.path.join(results_folder_path, os.path.basename(floating).replace(\".nii.gz\", \"_resampled.nii.gz\"))\n",
    "        \n",
    "        target_nii = nib.load(target)\n",
    "        floating_nii = nib.load(floating)\n",
    "        \n",
    "        # path to BRAINSFit executable, or simply \"BRAINSFit\" if it is in the PATH\n",
    "        BRAINSFit_bin_path = os.path.join(\"./BRAINSTools/BRAINSFit\")\n",
    "        \n",
    "        if os.path.isfile(ex_tfm):\n",
    "            print(f\"Using existing initialTransform {ex_tfm} instead of running registration...\")\n",
    "            out_affine = ex_tfm\n",
    "        else:\n",
    "            print(f\"Run registration with BRAINSFit...\")\n",
    "            os.system(      f' \"{BRAINSFit_bin_path}\" ' +\n",
    "                            f'--fixedVolume \"{target}\" ' + \n",
    "                            f'--movingVolume \"{floating}\" ' + \n",
    "                            f'--outputVolume \"{out_resampled_img_path}\" ' + \n",
    "                            f'--outputTransform \"{out_affine}\" ' + \n",
    "                            f'--samplingPercentage 0.1  ' +  # reduce this for speed up, but maybe less accurate\n",
    "                            f'--splineGridSize 14,10,12  ' + \n",
    "                            f'--initializeTransformMode useMomentsAlign  ' +  # Off|useMomentsAlign|useCenterOfHeadAlign|useGeometryAlign|useCenterOfROIAlign\n",
    "                            f'--useRigid  ' + \n",
    "                            f'--useAffine  ' + \n",
    "                            f'--maskProcessingMode NOMASK  ' + \n",
    "                            f'--medianFilterSize 0,0,0  ' + \n",
    "                            f'--removeIntensityOutliers 0  ' + \n",
    "                            f'--outputVolumePixelType float  ' + \n",
    "                            f'--backgroundFillValue 0  ' + \n",
    "                            f'--interpolationMode Linear  ' + \n",
    "                            f'--numberOfIterations 1500  ' + \n",
    "                            f'--maximumStepLength 0.05  ' + \n",
    "                            f'--minimumStepLength 0.001  ' + \n",
    "                            f'--relaxationFactor 0.5  ' + \n",
    "                            f'--translationScale 1000  ' + \n",
    "                            f'--reproportionScale 1  ' + \n",
    "                            f'--skewScale 1  ' + \n",
    "                            f'--maxBSplineDisplacement 0  ' + \n",
    "                            f'--fixedVolumeTimeIndex 0  ' + \n",
    "                            f'--movingVolumeTimeIndex 0  ' + \n",
    "                            f'--numberOfHistogramBins 50  ' + \n",
    "                            f'--numberOfMatchPoints 10  ' + \n",
    "                            f'--costMetric MMI  ' + \n",
    "                            f'--maskInferiorCutOffFromCenter 1000  ' + \n",
    "                            f'--ROIAutoDilateSize 0  ' + \n",
    "                            f'--ROIAutoClosingSize 9  ' + \n",
    "                            f'--numberOfSamples 0  ' + \n",
    "                            f'--failureExitCode -1  ' + \n",
    "                            f'--numberOfThreads -1  ' + \n",
    "                            f'--debugLevel 0  ' + \n",
    "                            f'--costFunctionConvergenceFactor 2e+13  ' + \n",
    "                            f'--projectedGradientTolerance 1e-05  ' + \n",
    "                            f'--maximumNumberOfEvaluations 900  ' + \n",
    "                            f'--maximumNumberOfCorrections 25  ' + \n",
    "                            f'--metricSamplingStrategy Random '\n",
    "                            f'>> /dev/null'  # remove this to see BRAINSFit output\n",
    "                    )\n",
    "        \n",
    "        # transform face mask to space of the floating image\n",
    "        os.system(f'./apply_affine \"{target_face_mask}\" \"{floating}\" \"{out_affine}\" \"{results_folder_path}\" -noshow')\n",
    "        \n",
    "        # define path to the registered and resampled face mask\n",
    "        face_mask_resampled_path = os.path.join(results_folder_path, os.path.basename(target_face_mask).replace(\".nii.gz\", \"_resampled.nii.gz\"))\n",
    "        \n",
    "        # path to BRAINSFit executable, or simply \"BRAINSFit\" if it is in the PATH\n",
    "        BRAINSresample_bin_path = \"./BRAINSTools/BRAINSResample\"\n",
    "        os.system(      f' \"{BRAINSresample_bin_path}\" '  + \n",
    "                        f'--inputVolume \"{target_face_mask}\" ' + \n",
    "                        f' --referenceVolume \"{floating}\" ' +\n",
    "                        f'--outputVolume \"{face_mask_resampled_path}\" ' + \n",
    "                        f'--warpTransform \"{out_affine}\" ' + \n",
    "                        f'--inverseTransform ' +\n",
    "                        f'--interpolationMode NearestNeighbor '\n",
    "                        f'>> /dev/null'\n",
    "                )\n",
    "\n",
    "        # apply mask to image\n",
    "        floating_masked_path = os.path.join(results_folder_path, os.path.basename(floating).replace(\".nii.gz\", \"_masked.nii.gz\"))\n",
    "\n",
    "        floating_nii = nib.load(floating)\n",
    "        floating_data = floating_nii.get_fdata()\n",
    "\n",
    "        mask_nii = nib.load(face_mask_resampled_path)\n",
    "        mask_data = mask_nii.get_fdata()\n",
    "\n",
    "        floating_masked_data = floating_data * mask_data\n",
    "        floating_masked_nii = nib.Nifti1Image(floating_masked_data, affine = floating_nii.affine)\n",
    "\n",
    "        nib.save(floating_masked_nii, floating_masked_path)"
   ]
  },
  {
   "cell_type": "code",
   "execution_count": 3,
   "outputs": [],
   "source": [],
   "metadata": {
    "collapsed": false,
    "ExecuteTime": {
     "end_time": "2024-01-12T10:09:02.665070226Z",
     "start_time": "2024-01-12T10:09:02.664431407Z"
    }
   },
   "id": "fc0bdd046f12ba3d"
  }
 ],
 "metadata": {
  "kernelspec": {
   "display_name": "Python 3",
   "language": "python",
   "name": "python3"
  },
  "language_info": {
   "codemirror_mode": {
    "name": "ipython",
    "version": 3
   },
   "file_extension": ".py",
   "mimetype": "text/x-python",
   "name": "python",
   "nbconvert_exporter": "python",
   "pygments_lexer": "ipython3",
   "version": "3.8.10"
  }
 },
 "nbformat": 4,
 "nbformat_minor": 5
}
